DETERMINISTIC1
26
3.38434      9.66115         12.5      9.66115         0.03            2
4.14908      9.07823         12.5      9.07823         0.03            2
4.2927      8.5785      5.0818      8.5785        0.03           2
1.62394      12.3809      3.51377      12.3809         0.03            2
7.76868       10.125         12.5       10.125         0.03            2
1.5      11.2031       3.4513      11.2031         0.03            2
1.5        6.08      2.8613        6.08        0.03           2
1.52244      13.3253      3.60834      13.3253         0.03            2
8.11761      10.6467      8.94652      10.6467         0.03            2
1.5      12.5278      3.20764      12.5278         0.03            2
2.9967      14.7496      3.77934      14.7496         0.03            2
1.5      14.2728      2.94355      14.2728         0.03            2
10.3963      9.59044         12.5      9.59044         0.03            2
7.77015        12.25      8.59462        12.25         0.03            2
1.5       11.289       3.1494       11.289         0.03            2
10.8872        10.75      12.0034        10.75         0.03            2
7.9266       9.875      8.7924       9.875        0.03           2
10.7543      15.3566         10.9      15.3566         0.03            2
10.6507      9.46538         12.5      9.46538         0.03            2
10.7284      12.7031         12.5      12.7031         0.03            2
10.9173      10.8154       11.765      10.8154         0.03            2
10.6908      15.5046      12.0646      15.5046         0.03            2
2.85487      10.7919      3.00365      10.7919         0.03            2
10.6096      9.64865      12.4302      9.64865         0.03            2
8.2337         10.5      8.65969         10.5         0.03            2
8.0458        9.25      8.3292        9.25        0.03           2
