1       8.053009      9.6611462      9.5873352     0.12616525      7391.8024
2           10.5      10.497163      10.219255     0.12777224      3902.0514
3      10.008496      9.0782332      11.968835     0.12354146      4398.2889
4              6              6      3.3199098     0.12370939      7727.5242
5           12.5      9.8853608      10.050381     0.12628921      9286.2563
6      1.5716806      6.0012373      10.446694     0.12385496      3933.7467
7      10.931585      7.0525743      8.1967587     0.12558797      4492.1721
8           12.5      6.6580465      11.674916     0.12494315        4708.86
9      4.6872463      8.5784862      1.0391559     0.12325808      6312.6178
10      2.5688547      12.380933      2.1398336     0.11725852      6585.7547
11      10.374452         10.125      5.4615373     0.10664876      8503.4444
12             1.5       11.203125      3.87134785     0.102764803      12483.9265
13      10.470549       6.015625      12.284026     0.10375566      6198.2638
14            1.5      6.0800314      2.6913557     0.10262535      6864.6287
15      2.5653903      13.325318      2.3359076     0.09971302      4228.1124
16      8.5320675      10.646731      1.0789126    0.097617926      8715.1767
17      1.6074855      12.527799      3.4503135    0.096184401       3691.967
18      3.3880207      14.749627      1.0326467    0.095861288      8416.7849
19      2.0701482      14.272843      1.9967995    0.095288424      6249.6771
20      11.920092      9.5904447      3.2976492    0.094181483      9735.9406
21      8.18238405           12.25      1.07446315    0.0928226609      10893.6249
22      1.7788326      11.288994      2.9911428    0.091897073      7483.9826
23      11.4452971           10.75      1.36617507    0.0909954066      10713.1124
24      1.84551325      15.0809064      1.17852724      0.09110923      10736.0168
25      8.35948781           9.875      1.11579529    0.0896675576        11851.23
26      1.5517773          6.125    0.013548225    0.089703085      6296.3812
27      10.827133      15.356595     0.39574384    0.089601017      7301.7736
28      11.9614688      9.46538391       2.8715451    0.0890605641      10371.1124
29            12.5       12.703125      3.51187786    0.0887946003      14885.8874
30      11.341163      10.815401      1.0977705     0.08854323      7925.7823
31            1.5              6   0.0099694126    0.088625465      5331.8804
32      11.377674      15.504577      1.6238276    0.088500154      6262.8711
33      2.9292606      10.916885     0.14877587    0.088012039      9133.6774
34      1.50032268       15.109375      1.80355676    0.0881289366       13791.503
35      11.5198704      9.64865005      2.07060912    0.0878519218      12218.3927
36      8.44669224            10.5     0.675988731    0.0869296583      13601.2247
37      12.456023      16.544316     0.13176998    0.087012365      5674.8683
38          1.5625        6.015625    0.0104670188    0.0870101451      10773.9331
39      2.0906264      15.208562     0.72928044    0.086985678      7455.8448
40          8.1875            9.25     0.533478372    0.0864765521      11626.0266
